0.0628319   0.998038   -0.0624371   0.49999
0.125664   0.992174   -0.124237   0.499922
0.188496   0.982454   -0.185161   0.49975
0.251327   0.968941   -0.244976   0.49943
0.314159   0.951711   -0.303454   0.498919
0.376991   0.930857   -0.360374   0.498182
0.439823   0.906481   -0.415523   0.497184
0.502655   0.878702   -0.468695   0.495897
0.565487   0.847651   -0.519695   0.494298
0.628319   0.81347   -0.568335   0.492369
0.69115   0.776312   -0.61444   0.490098
0.753982   0.736342   -0.657844   0.487479
0.816814   0.693734   -0.698396   0.484512
0.879646   0.648673   -0.735952   0.481201
0.942478   0.60135   -0.770386   0.477558
1.00531   0.551965   -0.801581   0.473599
1.06814   0.500725   -0.829435   0.469344
1.13097   0.447843   -0.85386   0.464821
1.19381   0.393536   -0.874783   0.460058
1.25664   0.338027   -0.892142   0.455089
1.31947   0.28154   -0.905892   0.449952
1.3823   0.224303   -0.916001   0.444685
1.44513   0.166547   -0.922454   0.439329
1.50796   0.108499   -0.925247   0.433927
1.5708   0.0503911   -0.924393   0.428521
1.63363   -0.00754965   -0.919918   0.423153
1.69646   -0.0650967   -0.911862   0.417865
1.75929   -0.122027   -0.90028   0.412697
1.82212   -0.178121   -0.885238   0.407687
1.88496   -0.233163   -0.866818   0.40287
1.94779   -0.286945   -0.845114   0.398277
2.01062   -0.339263   -0.82023   0.393938
2.07345   -0.389922   -0.792285   0.389877
2.13628   -0.438733   -0.761407   0.386114
2.19911   -0.485515   -0.727736   0.382663
2.26195   -0.5301   -0.691422   0.379535
2.32478   -0.572324   -0.652624   0.376736
2.38761   -0.612038   -0.611509   0.374267
2.45044   -0.649101   -0.568253   0.372122
2.51327   -0.683385   -0.52304   0.370293
2.57611   -0.714773   -0.476059   0.368766
2.63894   -0.743159   -0.427506   0.367524
2.70177   -0.768452   -0.377581   0.366543
2.7646   -0.790571   -0.326488   0.365798
2.82743   -0.809449   -0.274435   0.365261
2.89027   -0.825034   -0.221633   0.364901
2.9531   -0.837284   -0.168293   0.364683
3.01593   -0.846172   -0.114628   0.364573
3.07876   -0.851685   -0.0608502   0.364535
3.14159   -0.853822   -0.0071718   0.364531
3.20442   -0.852596   0.0461974   0.364527
3.26726   -0.848033   0.0990501   0.364485
3.33009   -0.840171   0.151182   0.364372
3.39292   -0.829063   0.202394   0.364155
3.45575   -0.814773   0.252489   0.363803
3.51858   -0.797376   0.301279   0.363289
3.58142   -0.77696   0.348581   0.362588
3.64425   -0.753624   0.394218   0.361679
3.70708   -0.727478   0.438022   0.360544
3.76991   -0.698643   0.479833   0.359171
3.83274   -0.667248   0.519498   0.357549
3.89557   -0.633433   0.556876   0.355674
3.95841   -0.597345   0.591834   0.353544
4.02124   -0.559141   0.624251   0.351164
4.08407   -0.518983   0.654015   0.34854
4.1469   -0.477041   0.681027   0.345683
4.20973   -0.433492   0.705197   0.342609
4.27257   -0.388515   0.726449   0.339336
4.3354   -0.342297   0.744717   0.335886
4.39823   -0.295027   0.759949   0.332282
4.46106   -0.246896   0.772104   0.328551
4.52389   -0.198099   0.781154   0.324722
4.58673   -0.148831   0.787082   0.320825
4.64956   -0.0992891   0.789886   0.316889
4.71239   -0.049669   0.789573   0.312946
4.77522   -0.000165758   0.786164   0.309027
4.83805   0.0490271   0.779693   0.305162
4.90088   0.0977185   0.770203   0.301381
4.96372   0.145721   0.757752   0.297711
5.02655   0.192849   0.742406   0.294179
5.08938   0.238926   0.724244   0.290808
5.15221   0.283775   0.703355   0.287618
5.21504   0.327229   0.679838   0.28463
5.27788   0.369127   0.653802   0.281856
5.34071   0.409313   0.625364   0.279309
5.40354   0.447641   0.594652   0.276997
5.46637   0.483972   0.5618   0.274924
5.5292   0.518176   0.52695   0.273092
5.59203   0.550132   0.490252   0.271497
5.65487   0.57973   0.451862   0.270133
5.7177   0.606867   0.41194   0.268991
5.78053   0.631453   0.370652   0.268058
5.84336   0.653407   0.32817   0.267318
5.90619   0.67266   0.284668   0.266754
5.96903   0.689153   0.240322   0.266343
6.03186   0.702839   0.195312   0.266064
6.09469   0.713681   0.149818   0.265893
6.15752   0.721656   0.104023   0.265804
6.22035   0.726749   0.0581072   0.265771
6.28319   0.72896   0.0122521   0.265766
6.34602   0.728297   -0.0333631   0.265765
6.40885   0.72478   -0.0785607   0.265739
6.47168   0.718443   -0.123166   0.265665
6.53451   0.709327   -0.167008   0.265518
6.59734   0.697485   -0.20992   0.265276
6.66018   0.682982   -0.251738   0.264918
6.72301   0.66589   -0.292306   0.264426
6.78584   0.646294   -0.331472   0.263785
6.84867   0.624285   -0.369092   0.26298
6.9115   0.599965   -0.405027   0.262003
6.97434   0.573445   -0.439148   0.260845
7.03717   0.544841   -0.471331   0.259503
7.1   0.51428   -0.501464   0.257975
7.16283   0.481893   -0.529439   0.256264
7.22566   0.447819   -0.555162   0.254374
7.28849   0.412203   -0.578546   0.252313
7.35133   0.375193   -0.599513   0.250093
7.41416   0.336944   -0.617996   0.247725
7.47699   0.297613   -0.633938   0.245226
7.53982   0.257362   -0.647294   0.242612
7.60265   0.216354   -0.658026   0.239904
7.66549   0.174755   -0.666109   0.237121
7.72832   0.132732   -0.671529   0.234284
7.79115   0.0904524   -0.674279   0.231417
7.85398   0.0480834   -0.674368   0.228542
7.91681   0.005792   -0.67181   0.225681
7.97965   -0.0362564   -0.666633   0.222857
8.04248   -0.0778984   -0.658873   0.220091
8.10531   -0.118973   -0.648577   0.217403
8.16814   -0.159323   -0.635801   0.214814
8.23097   -0.198794   -0.620612   0.212339
8.2938   -0.237238   -0.603083   0.209995
8.35664   -0.274509   -0.583298   0.207796
8.41947   -0.310469   -0.561349   0.205752
8.4823   -0.344986   -0.537336   0.203873
8.54513   -0.377932   -0.511366   0.202164
8.60796   -0.409188   -0.483553   0.200629
8.6708   -0.438643   -0.454018   0.19927
8.73363   -0.466191   -0.422887   0.198084
8.79646   -0.491738   -0.390293   0.197068
8.85929   -0.515195   -0.356373   0.196214
8.92212   -0.536484   -0.321267   0.195514
8.98495   -0.555534   -0.285122   0.194956
9.04779   -0.572286   -0.248085   0.194528
9.11062   -0.586686   -0.210308   0.194215
9.17345   -0.598695   -0.171943   0.194
9.23628   -0.60828   -0.133145   0.193866
9.29911   -0.615418   -0.0940677   0.193794
9.36195   -0.620097   -0.0548673   0.193765
9.42478   -0.622314   -0.0156979   0.19376
9.48761   -0.622075   0.023287   0.19376
9.55044   -0.619398   0.0619356   0.193745
9.61327   -0.614307   0.100098   0.193697
9.67611   -0.606839   0.137629   0.193598
9.73894   -0.597037   0.174383   0.193431
9.80177   -0.584954   0.210223   0.193182
9.8646   -0.570652   0.245012   0.192838
9.92743   -0.554202   0.278622   0.192385
9.99026   -0.535681   0.310928   0.191815
10.0531   -0.515174   0.34181   0.19112
10.1159   -0.492776   0.371158   0.190293
10.1788   -0.468585   0.398866   0.189333
10.2416   -0.442708   0.424834   0.188237
10.3044   -0.415256   0.448973   0.187007
10.3673   -0.386348   0.471199   0.185646
10.4301   -0.356106   0.491436   0.184161
10.4929   -0.324657   0.509619   0.182557
10.5558   -0.292132   0.525688   0.180844
10.6186   -0.258665   0.539593   0.179034
10.6814   -0.224394   0.551295   0.177139
10.7442   -0.189457   0.56076   0.175173
10.8071   -0.153998   0.567966   0.17315
10.8699   -0.118156   0.572898   0.171087
10.9327   -0.0820766   0.575552   0.168999
10.9956   -0.0459016   0.575932   0.166902
11.0584   -0.0097739   0.574049   0.164814
11.1212   0.0261652   0.569927   0.162751
11.1841   0.0617758   0.563594   0.160727
11.2469   0.0969203   0.55509   0.158759
11.3097   0.131464   0.544462   0.156861
11.3726   0.165274   0.531765   0.155045
11.4354   0.198224   0.517062   0.153323
11.4982   0.23019   0.500422   0.151705
11.5611   0.261051   0.481924   0.150199
11.6239   0.290694   0.461651   0.148813
11.6867   0.319011   0.439695   0.14755
11.7496   0.345898   0.416152   0.146414
11.8124   0.371259   0.391124   0.145406
11.8752   0.395005   0.364719   0.144524
11.9381   0.417051   0.337049   0.143767
12.0009   0.437324   0.308231   0.143129
12.0637   0.455753   0.278384   0.142604
12.1265   0.472278   0.247633   0.142184
12.1894   0.486847   0.216104   0.14186
12.2522   0.499414   0.183925   0.141621
12.315   0.509943   0.151226   0.141456
12.3779   0.518405   0.11814   0.141351
12.4407   0.524781   0.0847986   0.141293
12.5035   0.529058   0.0513337   0.141269
12.5664   0.531232   0.0178776   0.141264
12.6292   0.531309   -0.0154384   0.141264
12.692   0.5293   -0.0484844   0.141255
12.7549   0.525228   -0.0811326   0.141224
12.8177   0.519121   -0.113257   0.141157
12.8805   0.511016   -0.144736   0.141043
12.9434   0.500957   -0.175449   0.14087
13.0062   0.488996   -0.205281   0.140629
13.069   0.475192   -0.23412   0.14031
13.1319   0.459611   -0.261859   0.139906
13.1947   0.442324   -0.288397   0.139412
13.2575   0.42341   -0.313637   0.138822
13.3204   0.402955   -0.337487   0.138135
13.3832   0.381047   -0.359864   0.137349
13.446   0.357782   -0.380689   0.136466
13.5088   0.333259   -0.399889   0.135486
13.5717   0.307583   -0.4174   0.134415
13.6345   0.280862   -0.433163   0.133257
13.6973   0.253207   -0.447128   0.132018
13.7602   0.224732   -0.459251   0.130708
13.823   0.195555   -0.469496   0.129334
13.8858   0.165793   -0.477835   0.127907
13.9487   0.135569   -0.484247   0.126437
14.0115   0.105002   -0.488719   0.124936
14.0743   0.0742155   -0.491246   0.123415
14.1372   0.0433312   -0.491829   0.121887
14.2   0.0124711   -0.49048   0.120363
14.2628   -0.0182441   -0.487215   0.118856
14.3257   -0.0486947   -0.482059   0.117376
14.3885   -0.078763   -0.475044   0.115935
14.4513   -0.108333   -0.46621   0.114544
14.5142   -0.137293   -0.455602   0.113211
14.577   -0.165532   -0.443273   0.111946
14.6398   -0.192944   -0.429283   0.110756
14.7027   -0.219427   -0.413697   0.109647
14.7655   -0.244883   -0.396586   0.108624
14.8283   -0.269218   -0.378026   0.107691
14.8911   -0.292344   -0.358101   0.106851
14.954   -0.314178   -0.336895   0.106103
15.0168   -0.334642   -0.314501   0.105448
15.0796   -0.353665   -0.291014   0.104884
15.1425   -0.371181   -0.266533   0.104408
15.2053   -0.387131   -0.24116   0.104014
15.2681   -0.401461   -0.215   0.103698
15.331   -0.414127   -0.188162   0.103453
15.3938   -0.425088   -0.160753   0.103271
15.4566   -0.434313   -0.132887   0.103144
15.5195   -0.441777   -0.104674   0.103062
15.5823   -0.44746   -0.0762277   0.103015
15.6451   -0.451352   -0.0476611   0.102995
15.708   -0.453449   -0.0190871   0.10299
15.7708   -0.453754   0.0093823   0.10299
15.8336   -0.452277   0.037636   0.102985
15.8965   -0.449034   0.0655645   0.102965
15.9593   -0.444051   0.0930604   0.102921
16.0221   -0.437357   0.120018   0.102843
16.085   -0.428989   0.146336   0.102723
16.1478   -0.418991   0.171914   0.102554
16.2106   -0.407412   0.196658   0.102329
16.2734   -0.394308   0.220474   0.102044
16.3363   -0.379738   0.243276   0.101692
16.3991   -0.363771   0.26498   0.101272
16.4619   -0.346477   0.285508   0.100781
16.5248   -0.327932   0.304787   0.100217
16.5876   -0.308218   0.322749   0.0995826
16.6504   -0.287418   0.339332   0.0988777
16.7133   -0.265621   0.35448   0.0981054
16.7761   -0.242919   0.368142   0.0972692
16.8389   -0.219407   0.380274   0.0963739
16.9018   -0.195182   0.390838   0.0954252
16.9646   -0.170343   0.399802   0.0944293
17.0274   -0.144992   0.407142   0.0933936
17.0903   -0.119232   0.412838   0.0923257
17.1531   -0.0931656   0.416879   0.0912338
17.2159   -0.0668975   0.419259   0.0901265
17.2788   -0.0405321   0.419979   0.0890125
17.3416   -0.0141734   0.419047   0.0879006
17.4044   0.0120754   0.416477   0.0867994
17.4673   0.0381119   0.412289   0.0857175
17.5301   0.0638352   0.40651   0.0846628
17.5929   0.0891465   0.399173   0.0836432
17.6558   0.113949   0.390316   0.0826655
17.7186   0.138149   0.379983   0.0817362
17.7814   0.161654   0.368225   0.0808609
17.8442   0.184378   0.355096   0.0800442
17.9071   0.206236   0.340656   0.0792899
17.9699   0.227147   0.324971   0.0786009
18.0327   0.247036   0.308109   0.077979
18.0956   0.265831   0.290145   0.0774249
18.1584   0.283464   0.271155   0.0769385
18.2212   0.299875   0.25122   0.0765185
18.2841   0.315007   0.230426   0.0761626
18.3469   0.328807   0.208858   0.0758679
18.4097   0.341231   0.186606   0.0756303
18.4726   0.352238   0.163762   0.0754449
18.5354   0.361794   0.140419   0.0753064
18.5982   0.369871   0.116672   0.0752085
18.6611   0.376446   0.0926167   0.0751448
18.7239   0.381503   0.068349   0.0751081
18.7867   0.385031   0.0439655   0.0750911
18.8496   0.387027   0.0195628   0.0750864
18.9124   0.387492   -0.00476335   0.0750864
18.9752   0.386434   -0.028918   0.0750838
19.0381   0.383867   -0.0528073   0.0750711
19.1009   0.379809   -0.0763395   0.0750414
19.1637   0.374288   -0.0994243   0.0749882
19.2265   0.367332   -0.121974   0.0749053
19.2894   0.358979   -0.143903   0.0747872
19.3522   0.349271   -0.165131   0.0746291
19.415   0.338253   -0.185577   0.0744269
19.4779   0.325977   -0.205166   0.0741772
19.5407   0.3125   -0.223828   0.0738776
19.6035   0.297882   -0.241494   0.0735264
19.6664   0.282186   -0.258102   0.0731228
19.7292   0.265483   -0.273593   0.072667
19.792   0.247843   -0.287913   0.0721599
19.8549   0.229341   -0.301014   0.0716032
19.9177   0.210056   -0.312851   0.0709997
19.9805   0.190068   -0.323387   0.0703525
20.0434   0.16946   -0.332588   0.0696657
20.1062   0.148316   -0.340427   0.068944
20.169   0.126724   -0.34688   0.0681925
20.2319   0.10477   -0.351933   0.0674167
20.2947   0.082543   -0.355573   0.0666226
20.3575   0.0601319   -0.357795   0.0658165
20.4204   0.0376258   -0.358599   0.0650046
20.4832   0.0151134   -0.357992   0.0641934
20.546   -0.00731685   -0.355984   0.0633891
20.6088   -0.0295774   -0.352592   0.0625981
20.6717   -0.0515821   -0.347839   0.0618262
20.7345   -0.0732462   -0.34175   0.0610791
20.7973   -0.0944868   -0.334359   0.0603619
20.8602   -0.115223   -0.325703   0.0596794
20.923   -0.135377   -0.315824   0.0590358
20.9858   -0.154874   -0.304767   0.0584344
21.0487   -0.17364   -0.292585   0.0578783
21.1115   -0.191607   -0.279331   0.0573695
21.1743   -0.20871   -0.265064   0.0569095
21.2372   -0.224887   -0.249848   0.0564989
21.3   -0.240079   -0.233746   0.0561377
21.3628   -0.254234   -0.216829   0.0558251
21.4257   -0.267303   -0.199168   0.0555595
21.4885   -0.279242   -0.180836   0.0553388
21.5513   -0.290009   -0.16191   0.0551602
21.6142   -0.299572   -0.142468   0.0550201
21.677   -0.307899   -0.122589   0.0549148
21.7398   -0.314965   -0.102354   0.0548398
21.8027   -0.320752   -0.0818448   0.0547903
21.8655   -0.325244   -0.0611432   0.0547612
21.9283   -0.328432   -0.0403318   0.0547472
21.9911   -0.330312   -0.0194929   0.0547429
22.054   -0.330883   0.00129147   0.0547428
22.1168   -0.330154   0.0219402   0.0547414
22.1796   -0.328133   0.0423732   0.0547334
22.2425   -0.324838   0.0625115   0.0547137
22.3053   -0.320289   0.082278   0.0546775
22.3681   -0.314513   0.101598   0.0546202
22.431   -0.307539   0.120397   0.0545377
22.4938   -0.299402   0.138606   0.0544266
22.5566   -0.290141   0.156157   0.0542836
22.6195   -0.279801   0.172985   0.0541063
22.6823   -0.268428   0.189029   0.0538929
22.7451   -0.256074   0.204231   0.0536419
22.808   -0.242792   0.218535   0.0533528
22.8708   -0.228641   0.231893   0.0530255
22.9336   -0.213683   0.244257   0.0526608
22.9965   -0.19798   0.255584   0.0522597
23.0593   -0.181599   0.265838   0.0518241
23.1221   -0.164608   0.274985   0.0513564
23.185   -0.147079   0.282996   0.0508594
23.2478   -0.129082   0.289846   0.0503364
23.3106   -0.110693   0.295515   0.0497911
23.3734   -0.0919844   0.29999   0.0492277
23.4363   -0.0730327   0.30326   0.0486503
23.4991   -0.0539136   0.30532   0.0480635
23.5619   -0.0347031   0.306169   0.0474718
23.6248   -0.0154772   0.305811   0.0468801
23.6876   0.00368869   0.304256   0.0462928
23.7504   0.0227196   0.301518   0.0457145
23.8133   0.0415419   0.297613   0.0451496
23.8761   0.0600829   0.292566   0.0446023
23.9389   0.0782717   0.286402   0.0440763
24.0018   0.0960392   0.279154   0.0435752
24.0646   0.113318   0.270856   0.0431019
24.1274   0.130044   0.261547   0.0426593
24.1903   0.146155   0.251271   0.0422493
24.2531   0.161591   0.240074   0.0418737
24.3159   0.176296   0.228006   0.0415335
24.3788   0.190217   0.215118   0.0412293
24.4416   0.203305   0.201468   0.0409611
24.5044   0.215512   0.187113   0.0407285
24.5673   0.226798   0.172115   0.0405304
24.6301   0.237123   0.156535   0.0403652
24.6929   0.246452   0.140439   0.040231
24.7558   0.254757   0.123894   0.0401253
24.8186   0.262009   0.106966   0.0400453
24.8814   0.268189   0.089725   0.0399878
24.9442   0.273277   0.0722403   0.0399495
25.0071   0.277261   0.0545821   0.0399265
25.0699   0.280133   0.0368207   0.039915
25.1327   0.281887   0.0190265   0.0399112
25.1956   0.282525   0.00126941   0.0399109
25.2584   0.28205   -0.0163811   0.0399103
25.3212   0.280472   -0.0338564   0.0399053
25.3841   0.277803   -0.0510891   0.0398923
25.4469   0.274061   -0.0680131   0.0398677
25.5097   0.269268   -0.0845639   0.0398282
25.5726   0.263448   -0.100679   0.0397707
25.6354   0.256632   -0.116298   0.0396926
25.6982   0.248851   -0.131362   0.0395916
25.7611   0.240144   -0.145817   0.0394658
25.8239   0.230548   -0.159609   0.0393137
25.8867   0.220109   -0.172687   0.0391345
25.9496   0.208872   -0.185007   0.0389274
26.0124   0.196886   -0.196523   0.0386925
26.0752   0.184202   -0.207195   0.0384302
26.1381   0.170876   -0.216988   0.0381413
26.2009   0.156964   -0.225868   0.037827
26.2637   0.142522   -0.233806   0.037489
26.3265   0.127613   -0.240777   0.0371294
26.3894   0.112297   -0.24676   0.0367505
26.4522   0.0966358   -0.251737   0.036355
26.515   0.0806944   -0.255695   0.0359458
26.5779   0.0645365   -0.258625   0.035526
26.6407   0.048227   -0.260522   0.0350989
26.7035   0.0318308   -0.261386   0.0346678
26.7664   0.0154127   -0.261218   0.0342362
26.8292   -0.000962672   -0.260027   0.0338074
26.892   -0.0172314   -0.257823   0.0333848
26.9549   -0.0333303   -0.254621   0.0329714
27.0177   -0.0491973   -0.250441   0.0325705
27.0805   -0.0647716   -0.245304   0.0321848
27.1434   -0.0799939   -0.239238   0.0318169
27.2062   -0.0948068   -0.232271   0.031469
27.269   -0.109155   -0.224436   0.0311432
27.3319   -0.122984   -0.215771   0.030841
27.3947   -0.136244   -0.206313   0.0305637
27.4575   -0.148887   -0.196105   0.0303122
27.5204   -0.160865   -0.185192   0.0300869
27.5832   -0.172138   -0.173621   0.0298879
27.646   -0.182664   -0.161442   0.0297149
27.7088   -0.192408   -0.148706   0.0295671
27.7717   -0.201335   -0.135467   0.0294436
27.8345   -0.209417   -0.121779   0.0293428
27.8973   -0.216626   -0.1077   0.0292631
27.9602   -0.22294   -0.0932861   0.0292024
28.023   -0.22834   -0.0785973   0.0291584
28.0858   -0.23281   -0.0636924   0.0291287
28.1487   -0.236339   -0.0486312   0.0291106
28.2115   -0.238919   -0.033474   0.0291013
28.2743   -0.240545   -0.0182806   0.0290979
28.3372   -0.241217   -0.00311098   0.0290976
28.4   -0.240938   0.0119755   0.0290973
28.4628   -0.239716   0.0269203   0.0290943
28.5257   -0.237561   0.0416655   0.0290857
28.5885   -0.234488   0.0561546   0.0290691
28.6513   -0.230515   0.0703324   0.0290418
28.7142   -0.225662   0.0841452   0.0290018
28.777   -0.219954   0.0975411   0.028947
28.8398   -0.213419   0.11047   0.0288756
28.9027   -0.206088   0.122885   0.0287864
28.9655   -0.197994   0.134739   0.0286782
29.0283   -0.189175   0.14599   0.0285502
29.0911   -0.179669   0.156598   0.028402
29.154   -0.169518   0.166525   0.0282334
29.2168   -0.158765   0.175736   0.0280448
29.2796   -0.147457   0.1842   0.0278367
29.3425   -0.135642   0.191888   0.02761
29.4053   -0.123369   0.198775   0.0273658
29.4681   -0.110689   0.204839   0.0271057
29.531   -0.0976548   0.210062   0.0268312
29.5938   -0.0843191   0.214427   0.0265443
29.6566   -0.0707364   0.217924   0.0262472
29.7195   -0.0569615   0.220544   0.0259421
29.7823   -0.0430498   0.222282   0.0256313
29.8451   -0.0290565   0.223137   0.0253172
29.908   -0.0150372   0.223112   0.0250025
29.9708   -0.00104696   0.222211   0.0246894
30.0336   0.0128595   0.220444   0.0243805
30.0965   0.0266281   0.217824   0.0240782
30.1593   0.0402057   0.214365   0.0237845
30.2221   0.0535403   0.210088   0.0235017
30.285   0.066581   0.205013   0.0232316
30.3478   0.0792787   0.199165   0.022976
30.4106   0.0915855   0.192573   0.0227362
30.4734   0.103456   0.185267   0.0225135
30.5363   0.114845   0.17728   0.0223089
30.5991   0.125713   0.168648   0.022123
30.6619   0.136019   0.159409   0.0219562
30.7248   0.145727   0.149602   0.0218085
30.7876   0.154802   0.139269   0.0216799
30.8504   0.163213   0.128456   0.0215697
30.9133   0.170931   0.117206   0.0214773
30.9761   0.17793   0.105567   0.0214017
31.0389   0.184186   0.0935876   0.0213416
31.1018   0.189681   0.0813159   0.0212956
31.1646   0.194397   0.0688024   0.021262
31.2274   0.198321   0.0560976   0.021239
31.2903   0.201442   0.0432525   0.0212248
31.3531   0.203753   0.0303184   0.0212173
31.4159   0.205251   0.0173467   0.0212144
31.4788   0.205934   0.00438842   0.021214
31.5416   0.205804   -0.00850565   0.0212139
31.6044   0.204868   -0.0212853   0.0212121
31.6673   0.203135   -0.0339012   0.0212065
31.7301   0.200615   -0.0463048   0.0211952
31.7929   0.197324   -0.0584489   0.0211765
31.8557   0.19328   -0.0702873   0.0211486
31.9186   0.188502   -0.0817756   0.0211102
31.9814   0.183016   -0.0928709   0.0210599
32.0442   0.176845   -0.103532   0.0209966
32.1071   0.17002   -0.11372   0.0209196
32.1699   0.162571   -0.123398   0.0208282
32.2327   0.154531   -0.132531   0.0207222
32.2956   0.145935   -0.141087   0.0206013
32.3584   0.13682   -0.149036   0.0204657
32.4212   0.127226   -0.15635   0.0203159
32.4841   0.117194   -0.163004   0.0201523
32.5469   0.106764   -0.168977   0.019976
32.6097   0.0959812   -0.17425   0.0197878
32.6726   0.0848896   -0.178806   0.019589
32.7354   0.0735346   -0.182633   0.019381
32.7982   0.0619626   -0.185718   0.0191653
32.8611   0.0502201   -0.188056   0.0189435
32.9239   0.0383544   -0.189641   0.0187173
32.9867   0.0264128   -0.190472   0.0184886
33.0496   0.0144427   -0.190551   0.0182591
33.1124   0.00249104   -0.189881   0.0180306
33.1752   -0.00939527   -0.188471   0.0178049
33.2381   -0.02117   -0.186331   0.0175837
33.3009   -0.0327878   -0.183473   0.0173687
33.3637   -0.0442039   -0.179913   0.0171613
33.4265   -0.0553748   -0.17567   0.0169631
33.4894   -0.0662584   -0.170764   0.0167753
33.5522   -0.0768136   -0.165219   0.0165988
33.615   -0.0870011   -0.159061   0.0164348
33.6779   -0.0967834   -0.152317   0.0162838
33.7407   -0.106124   -0.145019   0.0161464
33.8035   -0.114991   -0.137197   0.0160229
33.8664   -0.12335   -0.128886   0.0159134
33.9292   -0.131173   -0.120122   0.0158178
33.992   -0.138432   -0.110942   0.0157357
34.0549   -0.145102   -0.101384   0.0156666
34.1177   -0.151161   -0.091488   0.0156099
34.1805   -0.156589   -0.0812956   0.0155646
34.2434   -0.161369   -0.0708483   0.0155298
34.3062   -0.165486   -0.0601888   0.0155041
34.369   -0.168927   -0.0493601   0.0154865
34.4319   -0.171685   -0.0384058   0.0154753
34.4947   -0.173751   -0.0273697   0.0154693
34.5575   -0.175123   -0.0162955   0.0154668
34.6204   -0.175799   -0.00522701   0.0154663
34.6832   -0.175781   0.00579246   0.0154663
34.746   -0.175074   0.01672   0.0154652
34.8088   -0.173684   0.0275132   0.0154616
34.8717   -0.171622   0.0381307   0.0154541
34.9345   -0.1689   0.0485319   0.0154412
34.9973   -0.165531   0.0586774   0.0154218
35.0602   -0.161535   0.0685289   0.0153949
35.123   -0.15693   0.0780497   0.0153594
35.1858   -0.151739   0.0872045   0.0153146
35.2487   -0.145984   0.0959596   0.0152598
35.3115   -0.139694   0.104283   0.0151946
35.3743   -0.132894   0.112146   0.0151188
35.4372   -0.125616   0.119518   0.0150321
35.5   -0.117891   0.126376   0.0149346
35.5628   -0.109752   0.132695   0.0148268
35.6257   -0.101234   0.138454   0.0147089
35.6885   -0.0923719   0.143633   0.0145815
35.7513   -0.0832032   0.148216   0.0144454
35.8142   -0.0737657   0.152189   0.0143014
35.877   -0.0640981   0.15554   0.0141506
35.9398   -0.0542398   0.15826   0.013994
36.0027   -0.0442307   0.160342   0.0138329
36.0655   -0.0341109   0.161781   0.0136683
36.1283   -0.0239209   0.162577   0.0135018
36.1911   -0.013701   0.16273   0.0133344
36.254   -0.00349166   0.162244   0.0131677
36.3168   0.00666726   0.161124   0.0130028
36.3796   0.0167362   0.15938   0.012841
36.4425   0.0266762   0.157021   0.0126836
36.5053   0.0364491   0.154061   0.0125316
36.5681   0.0460176   0.150515   0.0123861
36.631   0.0553455   0.1464   0.0122481
36.6938   0.0643976   0.141738   0.0121183
36.7566   0.0731402   0.136548   0.0119975
36.8195   0.081541   0.130856   0.0118861
36.8823   0.0895691   0.124686   0.0117846
36.9451   0.0971953   0.118065   0.0116932
37.008   0.104392   0.111023   0.011612
37.0708   0.111135   0.10359   0.0115409
37.1336   0.117399   0.0957971   0.0114798
37.1965   0.123163   0.0876773   0.0114282
37.2593   0.128407   0.0792645   0.0113856
37.3221   0.133115   0.0705936   0.0113516
37.385   0.137271   0.0617003   0.0113252
37.4478   0.140863   0.0526208   0.0113056
37.5106   0.143879   0.0433919   0.011292
37.5734   0.146312   0.0340507   0.0112833
37.6363   0.148156   0.0246347   0.0112785
37.6991   0.149407   0.0151812   0.0112764
37.7619   0.150063   0.0057275   0.0112759
37.8248   0.150127   -0.00368924   0.0112759
37.8876   0.149602   -0.0130323   0.0112753
37.9504   0.148493   -0.0222656   0.011273
38.0133   0.146809   -0.0313535   0.0112679
38.0761   0.144559   -0.0402613   0.0112591
38.1389   0.141756   -0.0489552   0.0112457
38.2018   0.138415   -0.0574024   0.0112268
38.2646   0.134551   -0.0655714   0.0112018
38.3274   0.130184   -0.0734318   0.0111701
38.3903   0.125334   -0.0809547   0.0111312
38.4531   0.120023   -0.0881127   0.0110847
38.5159   0.114274   -0.0948801   0.0110304
38.5788   0.108113   -0.101233   0.0109682
38.6416   0.101566   -0.107148   0.0108983
38.7044   0.0946626   -0.112607   0.0108206
38.7673   0.0874308   -0.117589   0.0107356
38.8301   0.0799015   -0.122078   0.0106436
38.8929   0.072106   -0.12606   0.0105452
38.9557   0.0640766   -0.129523   0.010441
39.0186   0.0558463   -0.132456   0.0103317
39.0814   0.0474486   -0.134851   0.0102181
39.1442   0.0389175   -0.136702   0.0101009
39.2071   0.0302874   -0.138004   0.00998127
39.2699   0.0215927   -0.138758   0.00985996
39.3327   0.0128678   -0.138962   0.00973798
39.3956   0.00414736   -0.13862   0.00961629
39.4584   -0.00453459   -0.137736   0.00949583
39.5212   -0.0131442   -0.136317   0.00937753
39.5841   -0.0216482   -0.134372   0.00926228
39.6469   -0.0300137   -0.131913   0.00915091
39.7097   -0.038209   -0.128951   0.00904418
39.7726   -0.0462029   -0.125502   0.00894278
39.8354   -0.0539653   -0.121583   0.00884733
39.8982   -0.0614673   -0.117211   0.00875833
39.9611   -0.0686809   -0.112407   0.00867619
40.0239   -0.0755798   -0.107192   0.0086012
40.0867   -0.0821389   -0.101589   0.00853357
40.1496   -0.0883345   -0.095623   0.00847337
40.2124   -0.0941446   -0.0893193   0.00842057
40.2752   -0.0995489   -0.0827048   0.00837503
40.338   -0.104529   -0.0758074   0.0083365
40.4009   -0.109067   -0.0686559   0.00830464
40.4637   -0.113149   -0.06128   0.00827899
40.5265   -0.116762   -0.0537101   0.00825904
40.5894   -0.119894   -0.045977   0.00824417
40.6522   -0.122535   -0.0381121   0.00823371
40.715   -0.12468   -0.0301471   0.00822693
40.7779   -0.126321   -0.022114   0.00822307
40.8407   -0.127457   -0.0140445   0.00822132
40.9035   -0.128086   -0.00597062   0.00822087
40.9664   -0.128209   0.00207593   0.00822088
41.0292   -0.127827   0.0100638   0.00822054
41.092   -0.126947   0.017962   0.00821906
41.1549   -0.125574   0.0257401   0.00821567
41.2177   -0.123717   0.0333683   0.00820965
41.2805   -0.121386   0.0408177   0.00820035
41.3434   -0.118594   0.0480602   0.00818717
41.4062   -0.115354   0.0550686   0.00816957
41.469   -0.111682   0.061817   0.00814712
41.5319   -0.107595   0.0682804   0.00811945
41.5947   -0.103111   0.0744354   0.0080863
41.6575   -0.0982516   0.0802596   0.00804749
41.7204   -0.0930368   0.0857325   0.00800295
41.7832   -0.0874897   0.0908346   0.00795269
41.846   -0.0816344   0.0955483   0.00789682
41.9088   -0.0754955   0.0998575   0.00783555
41.9717   -0.069099   0.103748   0.00776916
42.0345   -0.0624717   0.107207   0.00769802
42.0973   -0.0556409   0.110224   0.00762257
42.1602   -0.0486348   0.112789   0.00754333
42.223   -0.0414819   0.114896   0.00746087
42.2858   -0.0342112   0.116538   0.00737579
42.3487   -0.0268519   0.117714   0.00728875
42.4115   -0.0194336   0.11842   0.00720043
42.4743   -0.0119856   0.118657   0.00711152
42.5372   -0.00453742   0.118427   0.00702273
42.6   0.00288177   0.117734   0.00693475
42.6628   0.010243   0.116583   0.00684825
42.7257   0.0175179   0.114982   0.00676389
42.7885   0.0246783   0.11294   0.00668228
42.8513   0.0316969   0.110468   0.00660399
42.9142   0.038547   0.107579   0.00652952
42.977   0.0452029   0.104285   0.00645932
43.0398   0.0516397   0.100603   0.00639379
43.1027   0.0578334   0.0965491   0.00633321
43.1655   0.0637613   0.0921421   0.00627784
43.2283   0.0694018   0.0874014   0.00622781
43.2911   0.0747346   0.0823475   0.00618319
43.354   0.0797407   0.0770024   0.00614398
43.4168   0.0844026   0.0713888   0.00611008
43.4796   0.088704   0.0655303   0.00608131
43.5425   0.0926305   0.0594516   0.00605745
43.6053   0.0961688   0.0531779   0.00603816
43.6681   0.0993077   0.046735   0.00602308
43.731   0.102037   0.0401492   0.00601177
43.7938   0.104349   0.0334472   0.00600375
43.8566   0.106238   0.0266562   0.00599848
43.9195   0.107697   0.0198033   0.00599542
43.9823   0.108725   0.0129157   0.00599397
44.0451   0.10932   0.00602077   0.00599354
44.108   0.109482   -0.000854487   0.00599354
44.1708   0.109214   -0.00768319   0.00599336
44.2336   0.108519   -0.0144388   0.00599243
44.2965   0.107403   -0.0210954   0.00599017
44.3593   0.105872   -0.0276274   0.00598607
44.4221   0.103936   -0.0340099   0.00597964
44.485   0.101604   -0.040219   0.00597043
44.5478   0.0988877   -0.0462312   0.00595805
44.6106   0.0958009   -0.0520243   0.00594217
44.6734   0.0923577   -0.0575769   0.00592252
44.7363   0.0885738   -0.0628688   0.0058989
44.7991   0.0844662   -0.0678807   0.00587116
44.8619   0.080053   -0.0725949   0.00583925
44.9248   0.0753535   -0.0769946   0.00580316
44.9876   0.0703879   -0.0810647   0.00576297
45.0504   0.0651774   -0.0847911   0.00571882
45.1133   0.0597439   -0.0881615   0.0056709
45.1761   0.0541102   -0.0911649   0.00561948
45.2389   0.0482996   -0.0937918   0.00556488
45.3018   0.0423361   -0.0960342   0.00550745
45.3646   0.0362439   -0.0978857   0.00544762
45.4274   0.0300478   -0.0993417   0.00538582
45.4903   0.0237728   -0.100399   0.00532252
45.5531   0.0174439   -0.101055   0.00525823
45.6159   0.0110864   -0.101311   0.00519344
45.6788   0.00472533   -0.101168   0.00512866
45.7416   -0.00161432   -0.100629   0.00506441
45.8044   -0.0079078   -0.0996987   0.00500118
45.8673   -0.0141307   -0.0983829   0.00493944
45.9301   -0.0202591   -0.0966895   0.00487965
45.9929   -0.0262695   -0.0946274   0.00482222
46.0557   -0.0321391   -0.092207   0.00476753
46.1186   -0.0378457   -0.0894402   0.00471592
46.1814   -0.043368   -0.0863398   0.00466767
46.2442   -0.0486854   -0.0829202   0.00462301
46.3071   -0.0537785   -0.0791967   0.00458212
46.3699   -0.0586286   -0.075186   0.00454512
46.4327   -0.0632182   -0.0709055   0.00451206
46.4956   -0.0675309   -0.0663738   0.00448295
46.5584   -0.0715517   -0.0616101   0.00445772
46.6212   -0.0752664   -0.0566347   0.00443626
46.6841   -0.0786626   -0.0514683   0.00441839
46.7469   -0.0817288   -0.0461325   0.0044039
46.8097   -0.0844551   -0.0406493   0.00439252
46.8726   -0.086833   -0.035041   0.00438392
46.9354   -0.0888553   -0.0293305   0.00437777
46.9982   -0.0905163   -0.0235408   0.00437369
47.0611   -0.0918118   -0.0176951   0.00437126
47.1239   -0.0927389   -0.0118168   0.00437007
47.1867   -0.0932964   -0.00592903   0.00436969
47.2496   -0.0934844   -5.49883e-05   0.00436967
47.3124   -0.0933045   0.00578236   0.00436958
47.3752   -0.0927596   0.0115603   0.004369
47.438   -0.0918543   0.0172567   0.0043675
47.5009   -0.0905944   0.0228495   0.00436472
47.5637   -0.0889869   0.0283176   0.00436028
47.6265   -0.0870404   0.0336402   0.00435385
47.6894   -0.0847647   0.0387974   0.00434515
47.7522   -0.0821708   0.04377   0.00433393
47.815   -0.0792708   0.0485396   0.00431998
47.8779   -0.0760781   0.0530888   0.00430315
47.9407   -0.0726069   0.0574012   0.00428333
48.0035   -0.0688727   0.0614613   0.00426048
48.0664   -0.0648918   0.0652548   0.00423457
48.1292   -0.0606814   0.0687685   0.00420567
48.192   -0.0562593   0.0719903   0.00417385
48.2549   -0.0516443   0.0749094   0.00413928
48.3177   -0.0468557   0.0775163   0.00410212
48.3805   -0.0419134   0.0798027   0.0040626
48.4434   -0.0368377   0.0817617   0.004021
48.5062   -0.0316494   0.0833877   0.00397759
48.569   -0.0263695   0.0846763   0.00393271
48.6319   -0.0210193   0.0856246   0.00388669
48.6947   -0.0156203   0.086231   0.00383989
48.7575   -0.010194   0.0864953   0.00379268
48.8203   -0.00476172   0.0864187   0.00374543
48.8832   0.00065508   0.0860035   0.00369852
48.946   0.00603528   0.0852535   0.00365229
49.0088   0.011358   0.0841738   0.00360712
49.0717   0.0166027   0.0827707   0.00356332
49.1345   0.0217493   0.0810516   0.0035212
49.1973   0.0267783   0.0790254   0.00348105
49.2602   0.0316706   0.0767019   0.00344311
49.323   0.036408   0.0740921   0.00340759
49.3858   0.0409727   0.071208   0.00337467
49.4487   0.045348   0.0680627   0.00334449
49.5115   0.0495179   0.0646702   0.00331713
49.5743   0.0534674   0.0610452   0.00329264
49.6372   0.0571823   0.0572036   0.00327103
49.7   0.0606495   0.0531617   0.00325226
49.7628   0.063857   0.0489366   0.00323626
49.8257   0.0667939   0.0445461   0.00322289
49.8885   0.0694502   0.0400084   0.003212
49.9513   0.0718175   0.0353423   0.00320341
50.0142   0.073888   0.0305668   0.00319689
50.077   0.0756558   0.0257014   0.00319218
50.1398   0.0771156   0.0207658   0.00318902
50.2027   0.0782637   0.0157797   0.0031871
50.2655   0.0790976   0.0107631   0.00318613
50.3283   0.0796159   0.00573571   0.00318579
50.3911   0.0798186   0.000717441   0.00318576
50.454   0.0797069   -0.00427211   0.00318572
50.5168   0.0792833   -0.00921356   0.00318536
50.5796   0.0785512   -0.0140878   0.00318438
50.6425   0.0775156   -0.0188762   0.00318249
50.7053   0.0761825   -0.0235604   0.00317943
50.7681   0.0745588   -0.0281228   0.00317495
50.831   0.0726528   -0.0325461   0.00316884
50.8938   0.0704738   -0.036814   0.00316091
50.9566   0.068032   -0.0409107   0.00315102
51.0195   0.0653387   -0.0448211   0.00313904
51.0823   0.0624059   -0.0485311   0.00312488
51.1451   0.0592468   -0.0520274   0.00310852
51.208   0.0558751   -0.0552977   0.00308993
51.2708   0.0523053   -0.0583304   0.00306914
51.3336   0.0485528   -0.0611153   0.00304623
51.3965   0.0446334   -0.0636429   0.00302128
51.4593   0.0405636   -0.065905   0.00299444
51.5221   0.0363601   -0.0678943   0.00296585
51.585   0.0320405   -0.0696048   0.00293571
51.6478   0.0276223   -0.0710314   0.00290422
51.7106   0.0231234   -0.0721704   0.00287163
51.7734   0.0185622   -0.0730192   0.00283818
51.8363   0.0139568   -0.0735761   0.00280412
51.8991   0.00932551   -0.0738409   0.00276972
51.9619   0.00468679   -0.0738144   0.00273526
52.0248   5.88197e-05   -0.0734984   0.00270101
52.0876   -0.0045403   -0.0728961   0.00266723
52.1504   -0.00909271   -0.0720116   0.00263418
52.2133   -0.0135808   -0.0708502   0.00260209
52.2761   -0.0179875   -0.0694181   0.00257121
52.3389   -0.0222959   -0.0677227   0.00254174
52.4018   -0.0264898   -0.0657722   0.00251385
52.4646   -0.0305534   -0.063576   0.00248771
52.5274   -0.0344716   -0.0611442   0.00246345
52.5903   -0.0382299   -0.0584878   0.00244117
52.6531   -0.0418147   -0.0556186   0.00242095
52.7159   -0.0452129   -0.0525493   0.00240281
52.7788   -0.0484123   -0.049293   0.00238678
52.8416   -0.0514018   -0.0458639   0.00237282
52.9044   -0.0541708   -0.0422764   0.00236088
52.9673   -0.0567099   -0.0385456   0.00235089
53.0301   -0.0590106   -0.034687   0.00234272
53.0929   -0.0610653   -0.0307165   0.00233624
53.1557   -0.0628675   -0.0266506   0.00233129
53.2186   -0.0644118   -0.0225056   0.00232769
53.2814   -0.0656937   -0.0182983   0.00232525
53.3442   -0.0667098   -0.0140458   0.00232374
53.4071   -0.0674578   -0.00976478   0.00232296
53.4699   -0.0679365   -0.0054724   0.00232266
53.5327   -0.0681457   -0.00118553   0.00232262
53.5956   -0.0680862   0.00307906   0.00232261
53.6584   -0.06776   0.00730478   0.00232239
53.7212   -0.06717   0.0114753   0.00232175
53.7841   -0.0663202   0.0155746   0.00232047
53.8469   -0.0652156   0.019587   0.00231836
53.9097   -0.063862   0.0234974   0.00231524
53.9726   -0.0622665   0.027291   0.00231096
54.0354   -0.0604367   0.0309538   0.00230536
54.0982   -0.0583812   0.034472   0.00229835
54.1611   -0.0561097   0.037833   0.00228982
54.2239   -0.0536323   0.0410244   0.00227971
54.2867   -0.0509601   0.0440348   0.002268
54.3496   -0.0481048   0.0468535   0.00225466
54.4124   -0.0450787   0.0494708   0.00223972
54.4752   -0.0418947   0.0518775   0.00222322
54.538   -0.0385664   0.0540655   0.00220523
54.6009   -0.0351077   0.0560278   0.00218583
54.6637   -0.0315331   0.0577579   0.00216515
54.7265   -0.0278571   0.0592505   0.00214332
54.7894   -0.024095   0.0605013   0.00212049
54.8522   -0.020262   0.0615069   0.00209682
54.915   -0.0163736   0.0622649   0.00207251
54.9779   -0.0124454   0.0627739   0.00204772
55.0407   -0.00849305   0.0630334   0.00202267
55.1035   -0.00453221   0.063044   0.00199754
55.1664   -0.000578484   0.0628072   0.00197254
55.2292   0.00335267   0.0623255   0.00194785
55.292   0.00724598   0.0616023   0.00192367
55.3549   0.0110864   0.060642   0.00190018
55.4177   0.0148592   0.0594498   0.00187754
55.4805   0.01855   0.0580319   0.0018559
55.5434   0.0221448   0.0563952   0.00183541
55.6062   0.0256302   0.0545476   0.00181617
55.669   0.0289931   0.0524976   0.0017983
55.7319   0.0322212   0.0502545   0.00178186
55.7947   0.0353025   0.0478284   0.00176691
55.8575   0.038226   0.0452299   0.00175349
55.9203   0.0409812   0.0424702   0.00174159
55.9832   0.0435583   0.0395613   0.00173121
56.046   0.0459483   0.0365155   0.00172232
56.1088   0.0481431   0.0333456   0.00171484
56.1717   0.0501352   0.0300647   0.00170871
56.2345   0.0519181   0.0266866   0.00170383
56.2973   0.0534861   0.0232249   0.00170008
56.3602   0.0548344   0.0196939   0.00169733
56.423   0.0559592   0.0161079   0.00169545
56.4858   0.0568573   0.0124811   0.00169427
56.5487   0.0575268   0.00882822   0.00169363
56.6115   0.0579664   0.00516363   0.00169338
56.6743   0.0581758   0.00150181   0.00169334
56.7372   0.0581556   -0.00214289   0.00169333
56.8   0.0579075   -0.00575629   0.0016932
56.8628   0.0574337   -0.0093244   0.00169279
56.9257   0.0567376   -0.0128335   0.00169193
56.9885   0.0558232   -0.0162702   0.00169048
57.0513   0.0546957   -0.0196215   0.00168831
57.1142   0.0533606   -0.0228748   0.00168531
57.177   0.0518246   -0.0260179   0.00168136
57.2398   0.0500949   -0.0290391   0.00167639
57.3027   0.0481796   -0.0319275   0.00167032
57.3655   0.0460873   -0.0346725   0.00166311
57.4283   0.0438274   -0.0372642   0.00165473
57.4911   0.0414097   -0.0396934   0.00164516
57.554   0.0388447   -0.0419516   0.00163442
57.6168   0.0361435   -0.0440311   0.00162254
57.6796   0.0333174   -0.0459248   0.00160957
57.7425   0.0303784   -0.0476264   0.00159556
57.8053   0.0273387   -0.0491304   0.0015806
57.8681   0.0242109   -0.0504323   0.00156479
57.931   0.0210077   -0.0515282   0.00154824
57.9938   0.0177422   -0.052415   0.00153106
58.0566   0.0144277   -0.0530906   0.00151339
58.1195   0.0110773   -0.0535537   0.00149536
58.1823   0.0077046   -0.0538038   0.00147711
58.2451   0.00432282   -0.0538413   0.00145879
58.308   0.000945342   -0.0536673   0.00144054
58.3708   -0.00241463   -0.0532838   0.0014225
58.4336   -0.00574401   -0.0526938   0.00140481
58.4965   -0.00902995   -0.0519007   0.00138761
58.5593   -0.0122598   -0.050909   0.00137101
58.6221   -0.0154213   -0.0497238   0.00135514
58.685   -0.0185024   -0.048351   0.00134008
58.7478   -0.0214916   -0.0467971   0.00132593
58.8106   -0.0243776   -0.0450694   0.00131276
58.8734   -0.0271499   -0.0431757   0.00130063
58.9363   -0.0297983   -0.0411246   0.00128959
58.9991   -0.0323131   -0.038925   0.00127965
59.0619   -0.0346854   -0.0365866   0.00127083
59.1248   -0.0369067   -0.0341193   0.00126311
59.1876   -0.0389692   -0.0315336   0.00125649
59.2504   -0.0408659   -0.0288405   0.0012509
59.3133   -0.0425904   -0.0260512   0.0012463
59.3761   -0.044137   -0.0231772   0.00124263
59.4389   -0.0455007   -0.0202303   0.00123979
59.5018   -0.0466773   -0.0172226   0.00123769
59.5646   -0.0476634   -0.0141662   0.00123624
59.6274   -0.0484563   -0.0110734   0.00123532
59.6903   -0.0490542   -0.00795667   0.00123481
59.7531   -0.0494558   -0.00482827   0.00123459
59.8159   -0.0496609   -0.00170059   0.00123455
59.8788   -0.0496699   0.00141411   0.00123455
59.9416   -0.049484   0.0045037   0.00123448
60.0044   -0.0491051   0.0075562   0.00123421
60.0673   -0.048536   0.0105599   0.00123363
60.1301   -0.04778   0.0135033   0.00123264
60.1929   -0.0468414   0.0163752   0.00123113
60.2557   -0.0457249   0.0191648   0.00122903
60.3186   -0.044436   0.0218617   0.00122625
60.3814   -0.0429809   0.0244559   0.00122272
60.4442   -0.0413663   0.0269379   0.00121841
60.5071   -0.0395995   0.0292986   0.00121327
60.5699   -0.0376886   0.0315295   0.00120727
60.6327   -0.0356418   0.0336227   0.00120041
60.6956   -0.033468   0.0355709   0.0011927
60.7584   -0.0311766   0.0373673   0.00118414
60.8212   -0.0287772   0.0390058   0.00117479
60.8841   -0.0262801   0.0404809   0.00116467
60.9469   -0.0236955   0.041788   0.00115386
61.0097   -0.0210342   0.042923   0.00114241
61.0726   -0.0183072   0.0438824   0.00113041
61.1354   -0.0155254   0.0446637   0.00111794
61.1982   -0.0127002   0.0452648   0.0011051
61.2611   -0.00984298   0.0456845   0.00109198
61.3239   -0.00696506   0.0459225   0.00107869
61.3867   -0.0040779   0.0459787   0.00106534
61.4496   -0.00119288   0.0458543   0.00105202
61.5124   0.00167869   0.0455507   0.00103884
61.5752   0.00452563   0.0450703   0.00102591
61.638   0.00733693   0.0444162   0.00101331
61.7009   0.0101018   0.0435919   0.00100115
61.7637   0.0128096   0.0426017   0.000989497
61.8265   0.0154502   0.0414507   0.000978435
61.8894   0.0180136   0.0401443   0.000968027
61.9522   0.0204902   0.0386886   0.000958328
62.015   0.0228709   0.0370903   0.000949382
62.0779   0.0251469   0.0353565   0.000941222
62.1407   0.0273099   0.0334949   0.000933868
62.2035   0.0293522   0.0315136   0.000927328
62.2664   0.0312665   0.0294211   0.000921597
62.3292   0.0330461   0.0272263   0.00091666
62.392   0.0346849   0.0249386   0.000912488
62.4549   0.0361774   0.0225673   0.000909043
62.5177   0.0375185   0.0201224   0.000906276
62.5805   0.038704   0.017614   0.000904128
62.6434   0.0397303   0.0150522   0.000902532
62.7062   0.0405942   0.0124475   0.000901415
62.769   0.0412935   0.00981025   0.000900695
62.8319   0.0418263   0.00715113   0.00090029
